	Bayesian Skyline: ND2_Carpodacus_erythrinus1_c4.log			
Time	Mean	Median	Upper	Lower
0.0	7952375.785767129	7075066.85065812	1.6749959020983605E7	3933864.0436563585
145.5465759145389	7955167.7185134655	7076336.880601719	1.6713626711056115E7	3953353.895354172
291.0931518290778	7958741.79274057	7079055.550793599	1.6695230934668839E7	3971612.3668432124
436.6397277436167	7958826.616593563	7080897.841075208	1.6669857929526946E7	3975338.7026032507
582.1863036581556	7950289.03569934	7079364.701529133	1.6601676893524926E7	3975338.7026032507
727.7328795726944	7950633.13364787	7082537.312235098	1.6579574928720757E7	3982641.7271956373
873.2794554872332	7950041.0295872325	7080897.841075208	1.6502743274005694E7	3982641.7271956373
1018.8260314017721	7949735.1531450525	7080897.841075208	1.6502743274005694E7	3986505.309907316
1164.372607316311	7950428.395475815	7080897.841075208	1.6502743274005694E7	4002564.13654454
1309.9191832308497	7951528.630309782	7083020.867846016	1.6482786403597808E7	4003663.363139841
1455.4657591453886	7950239.447417045	7084243.890443163	1.6450956346121805E7	4008868.0561477435
1601.0123350599274	7949546.753605153	7086834.293187821	1.6423425755505327E7	4013261.8968692813
1746.5589109744662	7936969.943187459	7087780.914818762	1.6349903912313707E7	4019262.063857438
1892.105486889005	7932269.00763101	7087445.564525835	1.6325361143838432E7	4020467.683750703
2037.652062803544	7935300.371562341	7089784.275905607	1.6325361143838432E7	4025208.96584398
2183.1986387180827	7935198.47099273	7088026.590820225	1.6325361143838432E7	4024822.3455984257
2328.745214632622	7932950.297823961	7087780.914818762	1.6325361143838432E7	4021035.3373086355
2474.291790547161	7930661.753529859	7087797.26958035	1.6267809971696964E7	4024822.3455984257
2619.8383664617	7928552.529018799	7089784.275905607	1.6175806483521324E7	4025208.96584398
2765.384942376239	7928122.519457118	7088026.590820225	1.6175806483521324E7	4033249.033168447
2910.931518290778	7927704.953196361	7089784.275905607	1.6175806483521324E7	4033249.033168447
3056.478094205317	7924039.725856375	7087797.26958035	1.612356887567341E7	4041601.0265456866
3202.024670119856	7922468.007280704	7087780.914818762	1.612356887567341E7	4041601.0265456866
3347.5712460343952	7919470.326951875	7087445.564525835	1.611501920731312E7	4042053.5639741025
3493.1178219489343	7915981.309201152	7088026.590820225	1.5996079344231104E7	4046986.5846499996
3638.6643978634734	7914992.793935028	7087445.564525835	1.6047030426461117E7	4048067.41049863
3784.2109737780124	7908683.567367382	7080897.841075208	1.5996079344231104E7	4048067.41049863
3929.7575496925515	7889924.70129442	7077224.592763285	1.5960013778848013E7	4048067.41049863
4075.3041256070906	7885112.509139701	7076336.880601719	1.592946787340133E7	4051351.7803262225
4220.850701521629	7881831.599750523	7073925.370846174	1.5877472700514376E7	4048067.41049863
4366.397277436168	7879881.539410201	7075066.85065812	1.5868767523262912E7	4052823.710869684
4511.943853350707	7862242.256306335	7071608.926505075	1.5844098327730358E7	4052765.86472887
4657.490429265246	7860631.887412234	7069229.543356569	1.5844098327730358E7	4048067.41049863
4803.037005179785	7854340.560642406	7066848.686657173	1.5811709367834045E7	4046986.5846499996
4948.5835810943245	7839141.5289860405	7063482.212109863	1.5785057554968234E7	4046986.5846499996
5094.1301570088635	7833116.1404017415	7062881.165678654	1.5722943467002103E7	4041825.2821396473
5239.676732923403	7828081.678437742	7062233.550462118	1.57188409395682E7	4041825.2821396473
5385.223308837942	7822894.242905405	7062233.550462118	1.5671041891151376E7	4042053.5639741025
5530.769884752481	7819934.526365433	7061861.187253649	1.5634144313187499E7	4041601.0265456866
5676.31646066702	7810391.284862495	7058969.721705378	1.5489110302587816E7	4041825.2821396473
5821.863036581559	7809059.143070021	7055921.146628996	1.5489110302587816E7	4041601.0265456866
5967.409612496098	7802773.645023688	7053036.846721259	1.5436790819628268E7	4041601.0265456866
6112.956188410637	7796436.673962618	7050831.938110168	1.5404718356177682E7	4033359.117069574
6258.502764325176	7784389.520118061	7049421.712527878	1.5363018472699923E7	4031073.421844757
6404.049340239715	7777773.492512736	7046856.2798769325	1.5286751583729645E7	4020467.683750703
6549.595916154254	7768578.82376295	7045054.540346844	1.5284732507047694E7	4020467.683750703
6695.142492068793	7762726.110584255	7042112.41445994	1.5262717610108113E7	4017779.919103084
6840.689067983332	7757317.405584472	7038813.1262738295	1.5260429949637303E7	4014190.5325998976
6986.235643897871	7753986.976172639	7037483.493106662	1.5235552878654145E7	4013261.8968692813
7131.78221981241	7753196.634014798	7035977.785495707	1.5235552878654145E7	4011857.8450706047
7277.3287957269495	7744926.799496137	7034441.402509825	1.5148863790971817E7	4010619.623129013
7422.8753716414885	7743332.3554183375	7033326.901272467	1.5124212240489762E7	4009872.0037086275
7568.421947556028	7727096.735821167	7031667.897534979	1.5115700718025783E7	4008868.0561477435
7713.968523470567	7710281.430693887	7025079.416555914	1.5060964648539083E7	3990815.8782324693
7859.515099385106	7705824.787342622	7024298.675236645	1.5024024749603705E7	3990372.2284187614
8005.061675299645	7691784.359003732	7023115.957835571	1.5016225154123016E7	3986505.309907316
8150.608251214184	7686334.428294539	7021302.633829768	1.5003596442645796E7	3981350.9168281304
8296.154827128723	7679352.263625799	7017927.324285514	1.4993542136224264E7	3974945.692737822
8441.701403043262	7678779.475804675	7017927.324285514	1.4993542136224264E7	3971944.9771260926
8587.247978957801	7677252.953908733	7017672.610751231	1.4993542136224264E7	3971944.9771260926
8732.79455487234	7672822.707602918	7015285.448563746	1.4963681686423374E7	3970212.1875904175
8878.34113078688	7662931.875930274	7013414.057292126	1.4940307857431743E7	3962249.5139844604
9023.887706701418	7648849.89875806	7006731.673856516	1.4908983380037306E7	3942062.9430021504
9169.434282615957	7639090.349484377	7003756.8112805905	1.4893656447799327E7	3928081.9154645614
9314.980858530496	7634743.562270645	7001816.120824864	1.4893656447799327E7	3916656.105826756
9460.527434445035	7633778.098165934	7001816.120824864	1.4893656447799327E7	3907809.3060556683
9606.074010359574	7615992.799988493	6999029.0812334	1.481097543489243E7	3904329.3484267173
9751.620586274114	7610900.376904798	6992429.972348732	1.481097543489243E7	3887760.1063183765
9897.167162188653	7605110.704297559	6990168.662176682	1.481097543489243E7	3877460.8437398537
10042.713738103192	7599673.245250967	6986246.293239691	1.479759470870422E7	3872288.990674416
10188.26031401773	7588795.318780282	6978155.387574337	1.4794197697454158E7	3841973.341351237
10333.80688993227	7582993.784853213	6974408.816186372	1.4794197697454158E7	3819746.478392194
10479.353465846809	7575426.088802488	6968251.335040071	1.4789997096319651E7	3811556.731774126
10624.900041761348	7571286.59882188	6964934.130733046	1.4769076424279425E7	3806253.4649669053
10770.446617675887	7565204.261440231	6962047.6805088315	1.4738514428995378E7	3793760.11914173
10915.993193590426	7561649.394505918	6958922.33394766	1.4738514428995378E7	3786927.1046447433
11061.539769504965	7557873.122509982	6956612.143909693	1.4732471915160786E7	3781967.269356084
11207.086345419504	7553781.81211194	6954847.800111428	1.4715537642801257E7	3772882.075949217
11352.632921334043	7546894.285800479	6954216.452259325	1.4704082022115452E7	3755721.101871447
11498.179497248582	7541346.403109033	6951460.692157934	1.468482755338359E7	3753574.0999097587
11643.726073163121	7534026.187327865	6947086.953211107	1.4667884527252689E7	3741444.951535795
11789.27264907766	7528012.465722616	6945174.855416001	1.4639402899584915E7	3730869.603524608
11934.8192249922	7521318.849547415	6942033.719318504	1.459039098497258E7	3725075.22769246
12080.365800906739	7516151.969639563	6938848.931106185	1.4576418446368782E7	3716310.824942153
12225.912376821278	7513137.120732465	6936538.231952002	1.4568257092180707E7	3716310.824942153
12371.458952735817	7506229.881731561	6932349.432945102	1.4559160752965143E7	3712662.9994684733
12517.005528650356	7503612.7969897175	6932135.917326981	1.4549550325241605E7	3709170.66547271
12662.552104564895	7496307.042417706	6924740.235383623	1.4543386658944828E7	3692371.807399502
12808.098680479434	7491628.92966626	6920541.871679389	1.4543386658944828E7	3679123.7763856775
12953.645256393973	7487272.929169587	6916966.257450637	1.4543386658944828E7	3670285.274932375
13099.191832308512	7482607.362398958	6913696.161220424	1.4543386658944828E7	3653512.820428899
13244.738408223051	7476730.576072717	6908030.741811125	1.4543386658944828E7	3628005.667270561
13390.28498413759	7474473.967670278	6905922.946019301	1.4543386658944828E7	3626797.468949572
13535.83156005213	7466469.516856335	6900730.767468448	1.4511727439516837E7	3612306.7104235096
13681.378135966668	7460340.75450821	6899892.308222443	1.4506844876218606E7	3591619.0799415954
13826.924711881207	7454784.69116312	6896734.782384629	1.4506844876218606E7	3579062.520738108
13972.471287795746	7450352.907368808	6896418.463180066	1.4504502067530654E7	3569404.5763155245
14118.017863710285	7440947.9809237905	6888996.504999349	1.4482461512062598E7	3540293.284632245
14263.564439624824	7434449.837918897	6886785.315357359	1.4474728363547625E7	3525220.8398202453
14409.111015539364	7430232.678004538	6885076.670151956	1.4434705026860949E7	3475566.948055369
14554.657591453903	7424484.26521201	6884102.972000404	1.440741906302488E7	3469185.7590988893
14700.204167368442	7416704.372695855	6879135.953019957	1.4400896340225646E7	3459637.241468958
14845.75074328298	7402355.330329525	6873739.325654735	1.4333011555200761E7	3429913.9950893694
14991.29731919752	7398211.366893607	6872081.707338983	1.4333011555200761E7	3400106.942863498
15136.843895112059	7393077.741359853	6869741.098261341	1.4333011555200761E7	3388221.3807212026
15282.390471026598	7382533.29795074	6865102.195166042	1.4314840819138922E7	3371113.2563471557
15427.937046941137	7377079.123997241	6860595.629970822	1.4314840819138922E7	3351398.102974284
15573.483622855676	7373428.780980055	6859521.242960419	1.4314840819138922E7	3342579.9734282847
15719.030198770215	7366523.108871788	6854754.35800391	1.4314840819138922E7	3298518.1177254105
15864.576774684754	7362808.9243260445	6853998.291967723	1.4314840819138922E7	3284744.253707521
16010.123350599293	7356544.918697526	6851383.097380786	1.4306910950737746E7	3268956.4264388485
16155.669926513832	7349427.251764774	6846102.943447096	1.4275712177028438E7	3231507.9188102805
16301.216502428371	7347200.569911335	6845872.255305906	1.4275712177028438E7	3194606.6670948444
16446.76307834291	7338716.126799375	6841127.878150903	1.427529570500895E7	3171612.2297933353
16592.309654257446	7324440.334137545	6829237.772214124	1.423529150079282E7	3145812.280681218
16737.856230171983	7315397.327125529	6824372.16197897	1.4166388777895505E7	3125436.035901511
16883.40280608652	7312854.86420227	6822444.332078899	1.4168315909941398E7	3088534.962366064
17028.949382001058	7296944.421171973	6814814.10710184	1.4092807679046722E7	3036829.9531838996
17174.495957915595	7289819.233380097	6809949.404669335	1.4092807679046722E7	2982334.496115939
17320.042533830132	7285275.652705847	6806498.221153532	1.4080084313415006E7	2969226.90615974
17465.58910974467	7280994.978902113	6805151.396364383	1.4080084313415006E7	2939979.0603397624
17611.135685659207	7268325.709205345	6798351.079454862	1.4073298933723772E7	2850288.1019280017
17756.682261573744	7257190.561811792	6789986.716642392	1.4070031065646695E7	2791474.0835521067
17902.22883748828	7252264.833403999	6788035.862916627	1.4070031065646695E7	2781262.8422514787
18047.77541340282	7242483.344142063	6779997.097206425	1.4069704326733846E7	2728239.0593414414
18193.321989317355	7229493.241072401	6774799.0514127845	1.4058239648442024E7	2629570.3761450215
18338.868565231893	7215749.447307798	6766006.18980217	1.404718803307043E7	2579271.5931369932
18484.41514114643	7207754.75844022	6757215.628574687	1.404718803307043E7	2548425.3618271016
18629.961717060967	7193782.607806155	6750012.3348503895	1.4035197091810163E7	2485082.6503557423
18775.508292975504	7184030.713529233	6744119.049889506	1.4035197091810163E7	2402385.5097679878
18921.05486889004	7174568.4120324245	6737991.101839949	1.4029896050855696E7	2336313.732789245
19066.60144480458	7167051.262806025	6731728.046093536	1.4001041296424482E7	2301930.898423799
19212.148020719116	7156042.274451654	6720841.508549337	1.4001041296424482E7	2277533.9223691123
19357.694596633653	7143547.514697119	6716387.694368761	1.3977518542737868E7	2253869.552747326
19503.24117254819	7135938.917168055	6711205.069283868	1.3977518542737868E7	2187357.254050839
19648.787748462728	7123008.844674865	6708404.602572659	1.3968606441358455E7	2092619.281804882
19794.334324377265	7111862.401393194	6700507.127060027	1.3968606441358455E7	2030796.8480451282
19939.880900291802	7094285.363995509	6688445.329884896	1.3968606441358455E7	1952119.3903466328
20085.42747620634	7081573.369632727	6679987.091837088	1.3951346008280126E7	1879584.4039274168
20230.974052120877	7071129.278892087	6675225.917295573	1.3900552074080093E7	1849230.7256024166
20376.520628035414	7060300.186296249	6667371.933205157	1.3877854868387027E7	1818132.1686853082
20522.06720394995	7041072.079193047	6658928.355914842	1.3864325313326353E7	1750731.952078931
20667.61377986449	7027432.898952012	6651152.106730841	1.3852883550782712E7	1660640.6136609297
20813.160355779026	7014397.584694016	6645851.711391472	1.384053161013124E7	1594097.012172721
20958.706931693563	6993331.751491007	6637140.622264282	1.378824262147025E7	1485859.2843439823
21104.2535076081	6968400.316196318	6621289.581796983	1.3736884253003394E7	1399593.2157128018
21249.800083522638	6949416.187627364	6614856.063500236	1.3713849793681728E7	1327691.8966872224
21395.346659437175	6926423.627940905	6605256.176003722	1.3678795686072707E7	1273694.34739898
21540.893235351712	6909380.044332984	6599128.584295211	1.359934180943783E7	1232959.2803789598
21686.43981126625	6881685.139145332	6587329.772728629	1.3571297515155395E7	1185051.696062492
21831.986387180787	6859981.070150361	6576921.703769537	1.3531566009811588E7	1143202.9585005096
21977.532963095324	6850751.415809334	6571623.064196663	1.3510544125667406E7	1128067.9916599244
22123.07953900986	6830692.574232959	6561191.566517853	1.350540055550517E7	1053849.9363301399
22268.6261149244	6800443.461265675	6547408.349338612	1.348547024381607E7	1005977.0473943455
22414.172690838936	6764633.361332481	6524504.711433642	1.3455644102712944E7	923220.8854457735
22559.719266753473	6725918.255001704	6504531.557071561	1.3444475444634533E7	822980.1479852941
22705.26584266801	6700594.894795755	6488003.950283115	1.341985798863894E7	798577.4275981146
22850.812418582547	6671131.987367274	6473637.490511274	1.3404971083288884E7	759907.4496313938
22996.358994497084	6645745.239730356	6461567.706247131	1.3404971083288884E7	730152.5687627402
23141.90557041162	6606909.53174245	6444555.053401656	1.3375256954366395E7	683955.4721842657
23287.45214632616	6580719.556929001	6431619.996167735	1.3379149714877075E7	652804.4499089151
23432.998722240696	6546922.90961404	6414712.345567134	1.3362247140317665E7	612093.6065563333
23578.545298155233	6510345.580071476	6383192.895491789	1.330310052363866E7	571797.0634963902
23724.09187406977	6475503.917808258	6364493.726352297	1.3255042290311651E7	545433.5894936348
23869.638449984308	6440741.65643477	6347325.826246351	1.318830912554955E7	500585.33946663764
24015.185025898845	6404289.213716924	6330138.727806475	1.313820457847584E7	461374.72197004315
24160.731601813382	6362212.008814223	6304205.664556896	1.3081741495606741E7	436765.82196340937
24306.27817772792	6313771.082229145	6281435.190401408	1.3021576407719169E7	373711.3402586201
24451.824753642457	6257336.104102985	6258046.722400535	1.2999241631523825E7	305733.6760141659
24597.371329556994	6216459.709164177	6240508.656124077	1.2989597672930965E7	276691.52121094277
24742.91790547153	6165057.226733924	6203335.034835178	1.2962537621551294E7	235541.12032556045
24888.46448138607	6119160.050967686	6180450.802456882	1.2940441688984474E7	206077.5665666121
25034.011057300606	6065382.535723991	6141587.650041451	1.2860412505177747E7	184265.22673539724
25179.557633215143	5994516.462508881	6089583.048979547	1.2775159654219786E7	174745.59110087407
25325.10420912968	5920022.397801952	6043180.932414476	1.2734991182270091E7	150360.65171010818
25470.650785044218	5858477.6927660955	6008317.924727494	1.2712650836600903E7	142788.08867269344
25616.197360958755	5790283.048930117	5972574.3817132125	1.261927254165839E7	130634.19218678304
25761.743936873292	5739276.686220074	5936759.549982148	1.2550336362836333E7	126346.26506756176
25907.29051278783	5682980.880430475	5903648.547235834	1.2531652246657332E7	118814.24100449495
26052.837088702367	5629420.504853894	5865430.341885165	1.2501211381604418E7	111983.47905782929
26198.383664616904	5566612.313781055	5834083.413480722	1.2456498802091368E7	108161.81899680199
26343.93024053144	5508603.497904265	5799523.631001433	1.2420161179151231E7	104809.98184292561
26489.47681644598	5433760.756141871	5741242.369604116	1.2390927826695872E7	99238.96205593196
26635.023392360516	5367419.655990647	5687880.750684347	1.2382944694934955E7	96428.11352544934
26780.569968275053	5296591.405427896	5630910.227224491	1.235228082756681E7	93751.48543898699
26926.11654418959	5236291.610639233	5588473.315499464	1.2298719306178344E7	91749.34091159875
27071.663120104127	5173483.226258458	5530845.981762849	1.2253011521030344E7	88189.15504535874
27217.209696018665	5105651.094705644	5477083.028258118	1.213568401837303E7	84633.62542237526
27362.7562719332	5031411.467637389	5417219.544654613	1.2106408306077722E7	83253.74067949057
27508.30284784774	4967353.271977449	5355442.548662533	1.2099604329190558E7	81114.9810360066
27653.849423762276	4878079.252742837	5283070.335938129	1.2030450097995425E7	79319.53141021697
27799.395999676814	4791164.715145751	5198934.086033682	1.1983986396440208E7	76627.80848418333
27944.94257559135	4717988.9410165595	5114884.119432181	1.189140916489633E7	74579.48221888064
28090.489151505888	4642241.3116887035	5046530.084623427	1.1829299761266634E7	71780.19388625053
28236.035727420425	4557257.389769165	4945873.4934326345	1.1823231430201584E7	69891.9293512065
28381.582303334962	4490697.593300768	4882172.547880583	1.1793426669311075E7	67183.36268873034
28527.1288792495	4423794.4517917195	4788051.510054409	1.1767830077711007E7	66230.52412583194
28672.675455164037	4334810.997886641	4681290.561032596	1.1679193354420567E7	65396.765275168305
28818.222031078574	4240764.3935802495	4508893.818787795	1.1565517819738274E7	64804.966348129194
28963.76860699311	4169020.188223478	4357202.885120114	1.1553002751830567E7	63556.97391727669
29109.31518290765	4073753.2933474453	4169458.787442319	1.1503737461458532E7	63021.16321231054
29254.861758822186	3994599.202362603	3980825.483960725	1.146035938976221E7	62832.90131609219
29400.408334736723	3911944.1035621567	3725705.9718098473	1.1418303968206253E7	61809.99069588689
29545.95491065126	3833592.2553248284	3439154.589054954	1.13725694445387E7	60904.724744403546
29691.501486565798	3738783.189999348	3049157.140635086	1.1332893980785698E7	59499.613069140905
29837.048062480335	3653991.9443921503	2645348.797978191	1.1295659351476636E7	58172.90127365239
29982.594638394872	3557709.7736376175	2262607.5638826517	1.1229874225142743E7	57796.82178170085
30128.14121430941	3461991.415406413	1933084.5628844383	1.1153076384063171E7	57109.20506698834
30273.687790223947	3378811.4457908124	1678029.674146445	1.1075841169922084E7	57107.802789924026
30419.234366138484	3285976.932028381	1448163.3068845992	1.1023765636457562E7	56577.395367458594
30564.78094205302	3196273.178432165	1236982.361745746	1.0883068368883204E7	55484.45781249382
30710.32751796756	3105487.1296708477	1064906.2579445883	1.0827109587220363E7	54985.60758644528
30855.874093882096	3030562.960577195	947027.9440899218	1.0813895922706548E7	54556.72493500864
31001.420669796633	2931695.3224874293	803710.5449707404	1.0729577543183848E7	53829.21406368642
31146.96724571117	2863996.9684360577	713658.9544511312	1.0697356360578137E7	53230.78689752434
31292.513821625707	2784407.4284848226	613833.1603320825	1.0654412592278749E7	52978.150706840934
31438.060397540245	2686801.907084944	501758.2603815905	1.0581879110611327E7	51877.12879985702
31583.606973454782	2611597.978411028	419394.9500986481	1.05139878364608E7	51646.06285522838
31729.15354936932	2522487.4500615513	368218.65694674524	1.0426368239223775E7	51143.810515544086
31874.700125283856	2427522.9642991815	308277.2760224499	1.0329302582670439E7	50955.52588928937
32020.246701198394	2349398.5348037877	273787.1927555958	1.0256779377352925E7	50619.25742704418
32165.79327711293	2281823.747346204	240403.07042897865	1.017377680070194E7	50295.69801504259
32311.339853027468	2207133.6402233476	212957.21650384663	1.0096734882827973E7	49962.882677451176
32456.886428942005	2126224.086331509	192770.32750567797	1.0019150662473423E7	49250.10349479498
32602.433004856543	2054127.734692195	178912.23529552692	9902246.442906946	48904.33011179221
32747.97958077108	1968904.4864390115	167581.2238916123	9696452.231953582	48251.68347679846
32893.52615668562	1910244.8798910743	159038.52085026642	9605085.185745478	48073.00823440503
33039.07273260016	1833711.4692941704	150679.22342869165	9537689.597701035	47564.16915396981
33184.619308514695	1780800.2395536355	144747.96042259582	9506006.861209387	47448.05346657113
33330.16588442923	1717014.5429383728	138899.50909725414	9422359.150947848	47276.383112352785
33475.71246034377	1644645.959480393	134103.3235714808	9325494.908957668	46760.440912025595
33621.25903625831	1587290.8596758195	130773.60714692496	9272869.216735747	46073.72740708956
33766.805612172844	1519652.1926148066	127402.76537817619	9136008.86442114	45897.20257487468
33912.35218808738	1464069.5629001537	124992.40516636804	9091043.285947802	45549.01528522831
34057.89876400192	1401975.8741516902	122495.76503346936	8973132.45883632	45516.546618663284
34203.445339916456	1344097.415143552	120173.03941894833	8870527.8686889	45260.12893688086
34348.99191583099	1289244.3336590903	117876.8807047825	8779122.718900684	45066.10591202636
34494.53849174553	1240494.1480706723	115649.73861585875	8712746.076563807	44973.440484360166
34640.08506766007	1186069.0516345785	113897.49941585396	8574389.859109119	44535.93752447718
34785.631643574605	1140623.0806864076	112383.9208376534	8484999.80896623	44525.39376823223
34931.17821948914	1089205.8024082154	110817.78297967585	8408417.001795018	44457.475561140614
35076.72479540368	1047201.4200859742	109062.0130000896	8362441.0810710965	44249.14454491207
35222.27137131822	1001986.0974423506	108121.25349306411	8259869.299038416	44091.11846159518
35367.817947232754	959630.7746346691	107341.25210030434	8124097.197688214	44005.672093824236
35513.36452314729	916586.6287768427	106115.49857898674	8029242.199039514	43983.9717597546
35658.91109906183	871983.7217118812	105039.80065750086	7894591.738801245	43967.321625858385
35804.457674976366	827454.4545758408	104274.85070933713	7727907.7319	43707.73010402775
35950.0042508909	791765.2729701081	103470.92788934927	7589603.193288588	43405.90448381017
36095.55082680544	757679.6359761378	102393.90216693917	7413532.0907218065	43273.30677762718
36241.09740271998	722478.3870441924	101538.95729756636	7278042.791061843	43091.740910105065
36386.643978634514	692543.0207821439	100750.74343227895	7133386.2749493895	42951.89409687327
36532.19055454905	655058.5180844653	99765.44472408127	7006731.673856516	42744.32136763795
36677.73713046359	626736.7730704609	99236.78310795777	6816050.329748719	42602.2453321218
36823.283706378126	598691.2921568034	98329.62300635337	6720701.726080163	42564.17994290343
36968.83028229266	566332.8958177184	97657.70156556126	6567136.177873571	42406.953346286515
37114.3768582072	540505.1852644058	96958.62766587576	6432272.712782023	42269.92024298664
37259.92343412174	510573.49366963055	96390.45099631774	6291000.016585158	42173.73033105001
37405.470010036275	488954.29221433215	95883.83457975784	6130528.78642151	41840.31832059312
37551.01658595081	467332.63868239644	95251.85514285468	6029881.5745536415	41728.93570035159
37696.56316186535	446049.7046590769	95004.8603477261	5878382.46392314	41665.57413428882
37842.10973777989	423262.0976647066	94547.6067921054	5671170.088716243	41630.79726864777
37987.656313694424	405367.52184676967	94180.01509899867	5508566.106335457	41630.79726864777
38133.20288960896	389885.6444645659	93819.40885398802	5366786.159726125	41483.91000731629
38278.7494655235	367777.89085561543	93406.74216947869	5100579.3685524985	41321.43256610936
38424.296041438036	352041.14952031954	93173.947292242	4954931.317947585	41220.46163964752
38569.84261735257	332886.98763750086	92760.4712298128	4514356.257902114	41164.15834854996
38715.38919326711	318656.0921500692	92552.03530020801	4243314.771822913	41140.62041982207
38860.93576918165	310099.94960370404	92300.80534354557	4006386.19657102	40990.901703881784
39006.482345096185	298636.6433464874	92101.34668539198	3539480.11588511	40798.771961571234
39152.02892101072	283152.138426549	91920.14296153965	2753006.9629079257	40915.373450005165
39297.57549692526	271567.7626573971	91587.36800061178	2337326.2932700296	40795.009563974694
39443.1220728398	262568.10875507264	91345.68919935756	1963120.3563472598	40798.771961571234
39588.668648754334	251695.02394758418	91142.38899654183	1589507.6792948798	40752.59384270989
39734.21522466887	241559.13193105938	90867.37341309787	1338506.1798674494	40750.427983713314
39879.76180058341	235743.77642860744	90685.61780841857	1169415.0879810567	40675.001338928145
40025.308376497946	229256.84916577145	90439.47787699792	1034574.6829522463	40641.5617140362
40170.85495241248	218598.35940744495	90257.11437110655	931549.3940410347	40625.47290665767
40316.40152832702	211840.75773571053	90019.4444401498	783891.1381153403	40504.750698127056
40461.94810424156	206422.22128963014	89842.1977203122	745634.3306110547	40278.76449509045
40607.494680156095	200744.03840365892	89676.71561758195	681043.4119221237	40236.87634720722
40753.04125607063	193756.11627739895	89584.07407637511	615854.5297207369	40278.76449509045
40898.58783198517	185460.55289648505	89441.21193606121	553503.969769685	40278.76449509045
41044.134407899706	180551.58314644053	89382.26313839	536770.3725341811	40230.993091323086
41189.68098381424	175985.1272771378	89327.76395731332	489522.5234102138	40191.4523458435
41335.22755972878	168191.73282481756	89111.28778673099	432250.7602100967	39960.488894261805
41480.77413564332	163490.17493513483	89047.89253592247	401221.4940989439	39960.488894261805
41626.320711557855	157756.1428223599	88959.60719393607	386096.38483549264	39831.85411614008
41771.86728747239	153093.1523976453	88893.22103271651	365619.3254158187	39823.273522067204
41917.41386338693	148979.7668724299	88731.03830999997	343041.2994398461	39703.77371384049
42062.96043930147	145405.35992002088	88665.31498439448	326859.4507904631	39771.8999864967
42208.507015216004	140598.84052207417	88533.346371313	316105.47663000657	39771.8999864967
42354.05359113054	136710.51776963333	88450.96603466304	298345.08131960325	39697.57263167201
42499.60016704508	133669.43643185325	88366.29889236382	292347.3396146445	39520.61450460936
42645.146742959616	132045.49668913713	88279.44757205926	287822.5392211618	39520.61450460936
42790.69331887415	128659.58599091794	88206.80172537587	282621.26922153146	39691.33209951231
42936.23989478869	124720.71819257158	88138.05548444754	276691.52121094277	39691.33209951231
43081.78647070323	121269.42617143216	88062.2030001306	268248.4550344523	39691.33209951231
43227.333046617765	120003.2723872072	87991.79918625855	261355.09543629445	39520.61450460936
43372.8796225323	118988.83937936764	87899.52698813418	252417.57429654172	39394.449046244925
43518.42619844684	117825.40840718342	87869.0227254176	248200.69741924162	39365.46730051214
43663.97277436138	114120.4345025862	87818.74973162173	243622.1107952525	39360.17947425679
43809.519350275914	111379.18323676228	87729.64446388524	236841.08828866284	39334.17478040891
43955.06592619045	109212.70723477309	87685.8475394346	232840.3750967583	39334.17478040891
44100.61250210499	106514.48196927058	87560.35047016428	228691.64964955536	39314.57863643972
44246.159078019526	105913.24630174381	87533.41513715456	227286.49629008063	39314.57863643972
44391.70565393406	105693.85227249867	87519.236801396	225754.1372551691	39314.57863643972
44537.2522298486	105090.25712341236	87493.6164830814	225090.29305863823	39286.456280055194
44682.79880576314	104782.93224438836	87483.26713253911	224170.03229533194	39286.456280055194
44828.345381677675	103884.89461322506	87397.41200235608	222671.14331290958	39286.456280055194
44973.89195759221	103380.18479383721	87372.09579563147	221590.94093815112	39286.456280055194
45119.43853350675	102240.4206641036	87297.25747244836	218488.32800394992	39286.456280055194
45264.985109421286	102174.69839051327	87258.13852097162	218361.718900781	39274.51427544919
45410.53168533582	101326.5627700072	87160.56811114731	216080.90244142746	39071.96992077248
45556.07826125036	101133.75608751584	87141.16253474916	213328.84742813936	38905.22489757075
45701.6248371649	100054.81311229168	87122.31478970348	212957.21650384663	38885.00502061785
45847.171413079435	99676.32974172237	87090.23062705921	211718.13944499547	38877.31379691787
45992.71798899397	99577.44312812021	87058.87603375051	211218.70560442578	38826.39173864385
46138.26456490851	99458.3613109383	86999.41290386464	209566.13413172902	38826.39173864385
46283.81114082305	99427.62946010368	86987.76591333428	209389.51803797972	38818.67527301107
46429.357716737584	99323.59650517898	86930.1323939551	208440.87232360928	38738.7709851175
46574.90429265212	99034.08126372355	86889.06080090432	206691.01248837935	38724.2255147269
46720.45086856666	98796.78193160049	86748.94258755674	206140.14913149812	38500.46946548421
46865.997444481196	98779.38636332267	86744.10300128086	206139.4560053528	38500.46946548421
47011.54402039573	98676.02899002635	86735.45551254471	205175.2487423027	38500.46946548421
47157.09059631027	98561.70718833043	86706.26737120081	204445.6146608773	38380.868585824166
47302.63717222481	98392.76506557141	86683.59852627636	203593.01096060488	38352.250030605406
47448.183748139345	98035.98803470901	86661.13380979706	202422.6087618628	38351.56217079646
47593.73032405388	97954.3935393249	86644.37787841272	201881.44396878505	38312.016882624695
47739.27689996842	97820.26591656225	86637.61996243714	201503.32184802362	38194.99035120133
47884.82347588296	97563.62247349355	86603.50473384402	200480.36657828116	38194.99035120133
48030.370051797494	96340.67575497912	86539.32112561693	199162.7456612802	38030.07959304692
48175.91662771203	96230.45482144604	86528.02093649254	198839.32257696718	38012.72704304818
48321.46320362657	96166.98271917032	86517.65463943455	198386.06171773028	37923.33279991376
48467.009779541106	95788.2646588051	86498.27353249292	197977.6539879146	37923.33279991376
48612.55635545564	95679.64588332959	86483.77973024915	196582.95239888897	37898.00653156182
48758.10293137018	95604.92281921337	86424.84860104346	195729.85078531873	37898.00653156182
48903.64950728472	95573.54139425117	86416.7596342202	195532.81047966063	37898.00653156182
49049.196083199255	95558.758641363	86412.93663123956	195532.81047966063	37888.843878839085
49194.74265911379	95543.2071787203	86387.97936351896	195532.81047966063	37888.843878839085
49340.28923502833	95038.91341600502	86371.21818354366	195271.78355308014	37888.843878839085
49485.83581094287	94862.76545794963	86342.09094230187	194816.69965505155	37862.3079038547
49631.3823868574	94809.97151238474	86321.9434294973	194121.50939697103	37855.71751252322
49776.92896277194	94751.05994178902	86321.9434294973	194116.1188066393	37851.818792257895
49922.47553868648	94700.19433373542	86316.29084017049	193552.69555373598	37851.818792257895
50068.022114601015	94527.97197735583	86247.51805795445	192847.85702924046	37851.818792257895
50213.56869051555	94333.98053029414	86197.51644345536	192062.5455945329	37817.39116350455
50359.11526643009	94265.04809491441	86162.51289015361	191473.21916665995	37810.257197791456
50504.66184234463	94165.91323803751	86097.57540560735	191196.83657540544	37802.839640300685
50650.208418259164	94149.6772616098	86082.44183748355	191196.83657540544	37724.07092022742
50795.7549941737	94073.00412951957	86024.24901924879	190711.33437827992	37624.47951120922
50941.30157008824	93751.86821268003	86005.20918619314	190463.97751918732	37579.790415638294
51086.848146002776	93668.44836733483	85962.2345716557	190238.9697296329	37579.790415638294
51232.39472191731	93627.94199476989	85926.87583897023	190085.35277418245	37579.790415638294
51377.94129783185	93610.44008942254	85925.35978149575	189914.0151366961	37576.67791094853
51523.48787374639	93570.14269947431	85900.49683232655	189693.95084738612	37576.67791094853
51669.034449660925	93496.59416446979	85879.48357460675	189046.57112454358	37557.23758700328
51814.58102557546	93475.41425054878	85857.28442329043	188989.14083080363	37501.45572153225
51960.12760149	93410.82098279112	85856.58204424071	188335.145132204	37442.47697901204
52105.67417740454	93229.62392087144	85825.01891089958	187393.01102009442	37408.79663864573
52251.220753319074	93107.26848949748	85778.49367802849	186365.4976760573	37408.79663864573
52396.76732923361	93016.7800088824	85731.8163326505	185933.61969583068	37404.44399313823
52542.31390514815	92957.07245345842	85705.73751336682	185906.7647153278	37404.44399313823
52687.860481062686	92893.6271766453	85695.12971991287	185749.05149417496	37404.44399313823
52833.40705697722	92860.6153424381	85666.57447301189	185589.25655478952	37404.44399313823
52978.95363289176	92843.00591637005	85665.85861708439	185495.7235164223	37404.44399313823
53124.5002088063	92851.12233618226	85666.57447301189	185495.7235164223	37404.44399313823
53270.046784720835	92560.06067965571	85641.14488920521	185257.33645839914	37381.56631707429
53415.59336063537	92555.78548022645	85641.14488920521	185257.33645839914	37381.56631707429
53561.13993654991	92550.8640741433	85641.14488920521	185257.33645839914	37372.406435446785
53706.68651246445	92473.7993238331	85634.8787805784	184935.45008736025	37372.406435446785
53852.233088378984	92462.42891971167	85614.6160397911	184935.45008736025	37305.61023915172
53997.77966429352	92462.42891971167	85614.6160397911	184935.45008736025	37305.61023915172
54143.32624020806	92387.22255410027	85595.45731236157	184868.91187629584	37253.80358541772
54288.872816122595	92359.77224081659	85593.18578546941	184595.86008442214	37253.80358541772
54434.41939203713	92242.76705513596	85574.10277946746	184477.65709724685	37250.524250831324
54579.96596795167	92210.7585499856	85554.05776225036	184402.0234402865	37227.19875982955
54725.51254386621	92201.65255924668	85554.05776225036	184168.6685213519	37227.19875982955
54871.059119780744	92180.24489973235	85530.69604403486	183962.03492396398	37222.425759107064
55016.60569569528	92158.64719273195	85527.54875259356	183952.33576358287	37222.425759107064
55162.15227160982	92132.24128751822	85472.24745511485	183952.33576358287	37203.612802572374
55307.698847524356	92076.83950452237	85463.63030053192	183664.69152876083	37203.612802572374
55453.24542343889	92047.58800237186	85449.27551243578	183662.01270236992	37200.67432373337
55598.79199935343	92010.5633957899	85446.74484140724	183537.39787074694	37122.49258098333
55744.33857526797	92010.5633957899	85446.74484140724	183537.39787074694	37122.49258098333
55889.885151182505	91962.19230760873	85423.07760424995	183513.41123303722	36903.73986095342
56035.43172709704	91954.70069609203	85423.07760424995	183513.41123303722	36903.73986095342
56180.97830301158	91893.9204439207	85407.68060600068	183315.06911906763	36876.08357631016
56326.52487892612	91824.64154778632	85357.88000177142	182838.8119609884	36836.182709378154
56472.071454840654	91780.30056441051	85352.79842185196	182682.3665594552	36836.182709378154
56617.61803075519	91684.70559418038	85270.6124024886	182127.02345747172	36745.06900852616
56763.16460666973	91611.59963452678	85242.74657840976	181991.04002363284	36708.88363357727
56908.711182584266	91608.23799570525	85242.74657840976	181991.04002363284	36683.98212171702
57054.2577584988	91547.24668401656	85225.80595909576	181933.36625828888	36678.261056792195
57199.80433441334	91514.3852116512	85195.41448039275	181871.96257475138	36678.261056792195
57345.35091032788	91475.71446660829	85188.76072953896	181848.17029441494	36626.19948969155
57490.897486242415	91426.7474347591	85159.93749353362	181800.7867272976	36552.067912668805
57636.44406215695	91381.76187410868	85141.9804922215	181745.85243189245	36474.57129236481
57781.99063807149	91379.54811709395	85141.9804922215	181745.85243189245	36452.89281354207
57927.53721398603	91372.74640336764	85138.98622995327	181745.85243189245	36452.89281354207
58073.083789900564	91372.74640336764	85138.98622995327	181745.85243189245	36452.89281354207
58218.6303658151	91307.65990184722	85112.15238593493	181472.3756581963	36190.303485775796
58364.17694172964	91274.63231183027	85097.30920241585	181348.15649436135	36136.91098685331
58509.723517644175	91236.64736942042	85078.24536045885	180967.6560026468	36136.91098685331
58655.27009355871	91211.43649066919	85059.74332265298	180967.6560026468	36043.278930135835
58800.81666947325	91204.29347629694	85054.72133544362	180967.6560026468	36040.860125807514
58946.36324538779	91172.22536322329	85038.93738636044	180967.6560026468	35984.697763933975
59091.909821302324	91172.22536322329	85038.93738636044	180967.6560026468	35984.697763933975
59237.45639721686	91150.8087502829	85034.69751295466	180815.0968300246	35904.480400721055
59383.0029731314	91146.45835411185	85034.69751295466	180815.0968300246	35861.96266272423
59528.549549045936	91146.45835411185	85034.69751295466	180815.0968300246	35861.96266272423
59674.09612496047	91129.8955329153	85038.93738636044	180815.0968300246	35904.480400721055
59819.64270087501	91125.21212990797	85038.93738636044	180815.0968300246	35861.96266272423
59965.18927678955	91122.3835838479	85038.93738636044	180815.0968300246	35861.96266272423
60110.735852704085	91040.35861046887	85025.35315638175	180573.87798522203	35834.1349171439
60256.28242861862	91026.16911992653	85025.04489257536	180573.87798522203	35834.1349171439
60401.82900453316	91016.79908220802	85020.51413560503	180573.87798522203	35834.1349171439
60547.3755804477	91016.79908220802	85020.51413560503	180573.87798522203	35834.1349171439
60692.922156362234	90962.8444569394	85014.91604454457	180407.73284723473	35797.176229690194
60838.46873227677	90942.44118249566	85014.49381713184	180401.22211456933	35728.18716237862
60984.01530819131	90920.9457193045	85003.16065732148	180401.22211456933	35725.188357521256
61129.561884105846	90923.90747432841	84997.36956231763	180401.22211456933	35728.18716237862
61275.10846002038	90923.90747432841	84997.36956231763	180401.22211456933	35728.18716237862
61420.65503593492	90932.08158971556	85003.16065732148	180401.22211456933	35797.176229690194
61566.20161184946	90869.65698988437	84977.88831892789	179897.86898177784	35725.188357521256
61711.748187763995	90827.60430008233	84946.10057252733	179751.0138065861	35663.41424963769
61857.29476367853	90786.66086862699	84946.10057252733	179513.070455704	35644.2964202019
62002.84133959307	90786.66086862699	84946.10057252733	179513.070455704	35644.2964202019
62148.38791550761	90755.78039920286	84946.10057252733	179412.0783883274	35639.88214328985
62293.934491422144	90764.37564868285	84946.10057252733	179412.0783883274	35644.2964202019
62439.48106733668	90761.04631635598	84946.10057252733	179412.0783883274	35644.2964202019
62585.02764325122	90705.92981056914	84926.70944745517	179346.99494588212	35639.88214328985
62730.574219165755	90691.47336676244	84926.70944745517	179346.99494588212	35577.412223136445
62876.12079508029	90685.69948425738	84926.70944745517	179346.99494588212	35489.470023911876
63021.66737099483	90681.92332833301	84920.16397869587	179346.99494588212	35489.470023911876
63167.21394690937	90643.27675078638	84917.07802927057	179244.2997318581	35483.62717894901
63312.760522823904	90643.27675078638	84917.07802927057	179244.2997318581	35483.62717894901
63458.30709873844	90631.7177334964	84909.2812526771	179244.2997318581	35483.62717894901
63603.85367465298	90628.7385982374	84909.2812526771	179244.2997318581	35483.62717894901
63749.400250567516	90610.80610522036	84901.61917509517	179244.2997318581	35448.67087116994
63894.94682648205	90568.57630195598	84876.08558951557	179059.12828734884	35387.90768672649
64040.49340239659	90553.00189549303	84870.52567263533	179059.12828734884	35345.91621856163
64186.03997831113	90506.74946049432	84866.74142759237	179019.94478453978	35341.45678038683
64331.586554225665	90468.97285570824	84861.57367335133	178778.31966329963	35341.45678038683
64477.1331301402	90471.23773715485	84861.57367335133	178778.31966329963	35341.45678038683
64622.67970605474	90457.05570594111	84861.57367335133	178762.31087798128	35341.45678038683
64768.22628196928	90443.81965280714	84826.02496531999	178627.2134229555	35345.91621856163
64913.772857883814	90427.54761817315	84826.02496531999	178471.85628349302	35345.91621856163
65059.31943379835	90403.90017532678	84821.40542623763	178319.83148631916	35341.45678038683
65204.86600971289	90345.83043524317	84799.23496776853	178254.24767355755	35272.38490188216
65350.412585627426	90329.77034967454	84799.23496776853	178224.8848051186	35259.80337215254
65495.95916154196	90321.88812695243	84798.21726522954	178224.8848051186	35259.80337215254
65641.50573745651	90315.15889914856	84792.85443383928	178224.8848051186	35259.80337215254
65787.05231337105	90291.2619491919	84789.54591612329	178173.35694495184	35156.9474910453
65932.5988892856	90287.11613429015	84789.54591612329	178173.35694495184	35151.19920017389
66078.14546520014	90259.26087112774	84777.6535529947	178173.35694495184	35077.481627099805
66223.69204111469	90220.65121514154	84770.3616305895	177961.636116467	34959.82008197488
66369.23861702923	90217.76043474415	84770.3616305895	177961.636116467	35077.481627099805
66514.78519294377	90189.13568827926	84753.81359377774	177858.32385036346	35052.31046276086
66660.33176885832	90181.48474836278	84752.99703454475	177858.32385036346	35052.31046276086
66805.87834477286	90184.96023463071	84753.81359377774	177858.32385036346	35052.31046276086
66951.42492068741	90171.19021818531	84752.99703454475	177858.32385036346	34959.82008197488
67096.97149660195	90178.0078469032	84753.81359377774	177858.32385036346	34959.82008197488
67242.5180725165	90187.34640348026	84753.81359377774	177858.32385036346	35052.31046276086
67388.06464843104	90159.25750197213	84752.99703454475	177772.76479612855	35052.31046276086
67533.61122434559	90145.86738254756	84752.99703454475	177729.05035209932	35052.31046276086
67679.15780026013	90120.94520531553	84744.19821464889	177656.28962630057	35052.31046276086
67824.70437617468	90090.91294630831	84733.56282137566	177542.6675814797	34959.82008197488
67970.25095208922	90100.16848135048	84752.99703454475	177542.6675814797	34959.82008197488
68115.79752800376	90110.87816212674	84753.81359377774	177542.6675814797	35052.31046276086
68261.34410391831	90075.23482532131	84733.56282137566	177542.6675814797	34959.82008197488
68406.89067983285	90083.39291293515	84733.56282137566	177542.6675814797	35052.31046276086
68552.4372557474	90074.38844983517	84730.11158191903	177542.6675814797	34959.82008197488
68697.98383166194	90062.39816361711	84728.20658072554	177542.6675814797	34959.82008197488
68843.53040757649	90065.80559540098	84730.11158191903	177656.28962630057	34877.1660574474
68989.07698349103	90070.44977025122	84733.56282137566	177656.28962630057	34877.1660574474
69134.62355940558	90084.46238537136	84744.19821464889	177656.28962630057	34959.82008197488
69280.17013532012	90076.68804274272	84744.19821464889	177656.28962630057	34877.1660574474
69425.71671123467	90087.69766225512	84744.19821464889	177656.28962630057	34959.82008197488
69571.26328714921	90077.31417726356	84733.56282137566	177656.28962630057	34877.1660574474
69716.80986306375	90072.84575555808	84730.11158191903	177656.28962630057	34877.1660574474
69862.3564389783	90074.27598583131	84730.11158191903	177656.28962630057	34877.1660574474
70007.90301489284	90071.45051452226	84730.11158191903	177656.28962630057	34877.1660574474
70153.44959080739	90033.62503453702	84722.41571906065	177542.6675814797	34877.1660574474
70298.99616672193	90023.47170192776	84728.20658072554	177439.46684820557	34877.1660574474
70444.54274263648	90015.6109272345	84728.20658072554	177439.46684820557	34870.44096076957
70590.08931855102	89995.82556963309	84722.41571906065	177328.84976325987	34870.44096076957
70735.63589446557	89996.8858151785	84730.11158191903	177328.84976325987	34870.44096076957
70881.18247038011	89989.28325583153	84728.20658072554	177328.84976325987	34812.14697777397
71026.72904629465	89999.01426944885	84730.11158191903	177328.84976325987	34870.44096076957
71172.2756222092	90001.0453762779	84730.11158191903	177328.84976325987	34870.44096076957
71317.82219812374	90001.0453762779	84730.11158191903	177328.84976325987	34870.44096076957
71463.36877403829	90009.39762003275	84733.56282137566	177328.84976325987	34870.44096076957
71608.91534995283	90000.02568011168	84733.56282137566	177328.84976325987	34812.14697777397
71754.46192586738	90002.8865242254	84733.56282137566	177328.84976325987	34799.04375383079
71900.00850178192	89997.62504287368	84730.11158191903	177328.84976325987	34799.04375383079
72045.55507769647	90017.18279734215	84752.99703454475	177328.84976325987	34799.04375383079
72191.10165361101	90009.68175852102	84744.19821464889	177328.84976325987	34780.35743904866
72336.64822952556	90009.70230462975	84733.56282137566	177439.46684820557	34780.35743904866
72482.1948054401	89995.1133663727	84730.11158191903	177439.46684820557	34780.35743904866
72627.74138135464	89996.38600475418	84733.56282137566	177439.46684820557	34714.29054920543
